"year"	"month"	"day"	"zone"	"tow.number"	"tow.id"	"swept.area"	"swept.area.method"	"tow.type"	"start.time"	"end.time"	"latitude"	"longitude"	"depth.meters"	"bottom.temperature.minilog"	"bottom.temperature.star.oddi"	"vessel"	"commercial.count"	"commercial.weight"	"commercial345.count"	"commercial345.weight"	"male.legal.count"	"male.legal.immature.count"	"male.count"	"female.count"	"total.count"
2018	7	19	"F"	1	"GP354F"	2303	"model"	"Primary"	"05:27:30"	"05:32:22"	47.3825666666667	-60.390275	80.5	1.85	1.62	"Jean-Mathieu"	0	0	0	0	0	0	1	0	1
2018	7	19	"F"	2	"GP351F"	2753	"model"	"Primary"	"06:38:07"	"06:43:13"	47.4302833333333	-60.4649	95.1	2.01	1.82	"Jean-Mathieu"	13	6.933	8	4.483	23	10	73	2	75
2018	7	19	"F"	3	"GP353F"	2466	"average"	"Primary"	"08:22:47"	"08:28:36"	47.5261916666667	-60.4016833333333	310.9	6.79	6.65	"Jean-Mathieu"	0	0	0	0	0	0	0	3	3
2018	7	19	"F"	4	"GP352F"	2482	"average"	"Primary"	"09:53:28"	"09:58:28"	47.5575666666667	-60.4415	234.1	6.18	6.08	"Jean-Mathieu"	0	0	0	0	11	11	26	1	27
2018	7	19	"F"	5	"GP350F"	1981	"model"	"Primary"	"11:03:27"	"11:08:33"	47.5093	-60.48295	140.8	2.87	2.71	"Jean-Mathieu"	15	8.365	7	3.485	17	2	17	0	17
2018	7	19	"F"	6	"GP346F"	2605	"model"	"Primary"	"12:26:20"	"12:31:35"	47.4803583333333	-60.6083916666667	73.2	1.51	1.25	"Jean-Mathieu"	19	11.649	15	9.662	20	1	60	75	135
2018	7	19	"F"	7	"GP342F"	2935	"model"	"Primary"	"13:51:24"	"13:57:18"	47.5708083333333	-60.69165	56.7	1.11	0.86	"Jean-Mathieu"	26	14.053	12	6.124	30	4	98	8	106
2018	7	19	"F"	8	"GP334F"	2445	"model"	"Primary"	"15:13:44"	"15:18:55"	47.5628583333333	-60.8659333333333	49.4	2.38	2.12	"Jean-Mathieu"	0	0	0	0	0	0	1	0	1
2018	7	19	"F"	9	"GP323F"	2283	"model"	"Primary"	"16:31:48"	"16:36:55"	47.6270083333333	-61.0035083333333	40.2	4.57	4.3	"Jean-Mathieu"	3	1.377	0	0	3	0	22	2	24
2018	7	19	"F"	10	"GP325F"	2485	"model"	"Primary"	"18:10:42"	"18:15:56"	47.7819833333333	-60.9551	53	1.6	1.34	"Jean-Mathieu"	25	14.381	3	1.728	31	6	107	26	133
2018	7	19	"F"	11	"GP335F"	2370	"model"	"Primary"	"19:10:22"	"19:15:26"	47.7693166666667	-60.8332583333333	69.5	0.71	0.46	"Jean-Mathieu"	5	2.658	4	1.995	5	0	39	52	91
2018	7	19	"F"	12	"GP344F"	1946	"model"	"Primary"	"20:21:55"	"20:26:55"	47.7401083333333	-60.6773	84.1	1.37	1.14	"Jean-Mathieu"	2	1.019	1	0.379	2	0	36	19	55
2018	7	20	"F"	1	"GP341F"	1672	"model"	"Primary"	"05:24:55"	"05:30:16"	47.8147	-60.6915166666667	192	4.21	4.1	"Jean-Mathieu"	14	6.806	1	0.722	22	7	38	0	38
2018	7	20	"F"	2	"GP331F"	2372	"model"	"Primary"	"07:11:54"	"07:16:59"	47.83125	-60.90045	71.3	0.62	0.37	"Jean-Mathieu"	3	1.4	2	0.771	4	1	42	23	65
2018	7	20	"F"	3	"GP326F"	2399	"model"	"Primary"	"08:08:41"	"08:13:41"	47.8210916666667	-60.9805666666667	56.7	1.07	0.78	"Jean-Mathieu"	6	2.926	1	0.397	6	0	48	30	78
2018	7	20	"F"	4	"GP315F"	2083	"model"	"Primary"	"09:14:58"	"09:19:55"	47.84365	-61.0902333333333	49.4	2.93	2.64	"Jean-Mathieu"	0	0	0	0	0	0	37	4	41
2018	7	20	"F"	5	"GP324F"	2635	"model"	"Primary"	"10:24:19"	"10:29:26"	47.916225	-60.9675666666667	86	0.87	0.66	"Jean-Mathieu"	3	1.669	2	1.279	4	1	30	58	88
2018	7	20	"F"	6	"GP313F"	2377	"model"	"Primary"	"11:49:35"	"11:54:40"	47.968525	-61.1077833333333	82.3	0.95	0.71	"Jean-Mathieu"	1	0.4	0	0	1	0	31	26	57
2018	7	20	"12"	7	"GP320F"	2476	"average"	"Primary"	"12:57:19"	"13:01:48"	48.034775	-61.0275166666667	285.3	6.53	6.44	"Jean-Mathieu"	0	0	0	0	0	0	1	7	8
2018	7	20	"12"	8	"GP312F"	2414	"model"	"Primary"	"14:48:45"	"14:54:12"	48.079475	-61.1166833333333	294.4	6.55	6.44	"Jean-Mathieu"	0	0	0	0	0	0	0	0	0
2018	7	20	"12"	9	"GP316F"	2559	"average"	"Primary"	"17:08:52"	"17:13:40"	48.1979083333333	-61.239375	385.9	6.34	6.22	"Jean-Mathieu"	0	0	0	0	0	0	0	0	0
2018	7	20	"E"	10	"GP295F"	2952	"model"	"Primary"	"19:22:20"	"19:27:24"	48.0951	-61.4041833333333	93.3	1.05	0.83	"Jean-Mathieu"	10	5.236	1	0.51	11	1	66	1	67
2018	7	20	"12"	11	"GP290F"	2531	"model"	"Primary"	"20:23:24"	"20:28:24"	48.0417	-61.4597	69.5	0.5	0.22	"Jean-Mathieu"	3	1.694	0	0	3	0	16	12	28
2018	7	21	"12"	1	"GP293F"	2668	"average"	"Primary"	"05:35:52"	"05:42:01"	48.2227416666667	-61.4310916666667	362.1	6.43	6.29	"Jean-Mathieu"	0	0	0	0	0	0	1	0	1
2018	7	21	"E"	2	"GP282F"	2877	"average"	"Primary"	"07:52:21"	"07:58:29"	48.2246166666667	-61.6136166666667	314.6	6.36	6.22	"Jean-Mathieu"	0	0	0	0	0	0	0	0	0
2018	7	21	"12"	3	"GP273F"	2690	"model"	"Primary"	"09:56:40"	"10:01:54"	48.1120583333333	-61.7098	93.3	0.98	0.78	"Jean-Mathieu"	7	3.025	1	0.374	8	1	81	35	116
2018	7	21	"E"	4	"GP260F"	3093	"model"	"Primary"	"11:48:38"	"11:53:59"	48.234075	-61.885125	214	5	4.86	"Jean-Mathieu"	0	0	0	0	2	2	58	1	59
2018	7	21	"E"	5	"GP269F"	2781	"average"	"Primary"	"13:05:55"	"13:10:56"	48.28345	-61.7756416666667	340.2	6.45	6.29	"Jean-Mathieu"	0	0	0	0	0	0	0	0	0
2018	7	21	"E"	6	"GP250F"	3304	"model"	"Primary"	"15:03:10"	"15:08:23"	48.2854	-61.947375	248.7	6.04	5.9	"Jean-Mathieu"	0	0	0	0	0	0	0	0	0
2018	7	21	"E"	7	"GP251F"	2125	"model"	"Primary"	"16:23:34"	"16:28:45"	48.2352166666667	-62.0196416666667	106.1	1.15	0.98	"Jean-Mathieu"	0	0	0	0	0	0	0	0	0
2018	7	21	"E"	8	"GP235F"	2709	"average"	"Primary"	"18:15:02"	"18:20:02"	48.3987666666667	-62.1181	362.1	6.49	6.33	"Jean-Mathieu"	0	0	0	0	0	0	0	0	0
2018	7	22	"E"	1	"GP237A1"	2564	"model"	"Alternate 1"	"05:33:43"	"05:38:15"	48.3623166666667	-62.1115333333333	279.8	6.26	6.15	"Jean-Mathieu"	0	0	0	0	0	0	0	0	0
2018	7	22	"E"	2	"GP203F"	2881	"average"	"Primary"	"07:53:43"	"07:57:42"	48.3606	-62.4488916666667	254.2	6.14	6.05	"Jean-Mathieu"	0	0	0	0	0	0	0	0	0
2018	7	22	"12"	3	"GP208F"	2850	"model"	"Primary"	"09:30:39"	"09:35:48"	48.2682166666667	-62.3770166666667	75	0.24	0.01	"Jean-Mathieu"	1	0.619	0	0	1	0	5	8	13
2018	7	22	"12"	5	"GP201A1"	3092	"model"	"Alternate 1"	"11:58:58"	"12:04:08"	48.1605916666667	-62.5244666666667	65.8	0.3	0.01	"Jean-Mathieu"	0	0	0	0	1	0	12	5	17
2018	7	22	"12"	6	"GP181F"	2572	"model"	"Primary"	"14:03:01"	"14:08:13"	48.3101916666667	-62.682975	93.3	0.73	0.51	"Jean-Mathieu"	0	0	0	0	0	0	2	0	2
2018	7	22	"E"	7	"GP187F"	3078	"average"	"Primary"	"15:34:21"	"15:40:31"	48.4424333333333	-62.6472666666667	340.2	6.53	6.43	"Jean-Mathieu"	0	0	0	0	0	0	0	0	0
2018	7	22	"12"	8	"GP166F"	2094	"model"	"Primary"	"17:30:28"	"17:35:11"	48.4190166666667	-62.8516333333333	171.9	4.62	4.5	"Jean-Mathieu"	1	0.378	1	0.378	1	0	3	2	5
2018	7	22	"E"	9	"GP156F"	2766	"average"	"Primary"	"19:33:18"	"19:39:34"	48.5987416666667	-62.942825	365.8	6.42	6.26	"Jean-Mathieu"	0	0	0	0	0	0	0	1	1
2018	7	23	"12"	1	"GP072F"	2960	"model"	"Primary"	"05:36:31"	"05:41:41"	48.8192333333333	-63.7673	182.9	4.34	4.22	"Jean-Mathieu"	0	0	0	0	0	0	0	0	0
2018	7	23	"12"	2	"GP085F"	3037	"model"	"Primary"	"07:28:34"	"07:33:32"	48.8298166666667	-63.5578083333333	243.2	5.88	5.76	"Jean-Mathieu"	0	0	0	0	0	0	1	2	3
2018	7	23	"12"	3	"GP081F"	2470	"average"	"Primary"	"09:21:28"	"09:27:27"	48.8991416666667	-63.5894416666667	303.6	6.19	6.08	"Jean-Mathieu"	0	0	0	0	0	0	0	0	0
2018	7	23	"12"	4	"GP098F"	2572	"average"	"Primary"	"11:39:33"	"11:44:29"	48.9380083333333	-63.428525	349.3	6.4	6.26	"Jean-Mathieu"	0	0	0	0	0	0	0	0	0
2018	7	23	"12"	5	"GP120F"	2618	"average"	"Primary"	"13:30:45"	"13:34:58"	48.9209583333333	-63.2630583333333	384	6.39	6.26	"Jean-Mathieu"	0	0	0	0	0	0	1	0	1
2018	7	23	"12"	6	"GP109F"	2618	"average"	"Primary"	"15:08:51"	"15:13:51"	48.83545	-63.3523666666667	305.4	6.32	6.19	"Jean-Mathieu"	0	0	0	0	0	0	5	3	8
2018	7	23	"12"	7	"GP122F"	2657	"average"	"Primary"	"16:47:48"	"16:52:49"	48.7514916666667	-63.2604833333333	270.7	6.17	6.05	"Jean-Mathieu"	0	0	0	0	0	0	3	3	6
2018	7	23	"E"	8	"GP142F"	3342	"model"	"Primary"	"18:20:46"	"18:26:17"	48.7136	-63.1098583333333	343.8	6.33	6.19	"Jean-Mathieu"	0	0	0	0	0	0	2	1	3
2018	7	24	"12"	1	"GP121A1"	2359	"model"	"Alternate 1"	"05:38:13"	"05:43:55"	48.6689333333333	-63.2418416666667	228.6	5.48	5.36	"Jean-Mathieu"	0	0	0	0	0	0	0	0	0
2018	7	24	"12"	2	"GP134F"	2479	"model"	"Primary"	"07:45:07"	"07:50:09"	48.5314833333333	-63.2422583333333	126.2	3.17	3.04	"Jean-Mathieu"	0	0	0	0	0	0	1	0	1
2018	7	24	"E"	3	"GP139F"	2404	"model"	"Primary"	"09:04:48"	"09:09:47"	48.544475	-63.130275	223.1	4.89	4.76	"Jean-Mathieu"	1	0.458	1	0.458	1	0	2	7	9
2018	7	24	"12"	5	"GP112A1"	2776	"average"	"Alternate 1"	"12:24:52"	"12:29:53"	48.435725	-63.40815	117	2.23	2.09	"Jean-Mathieu"	0	0	0	0	0	0	51	44	95
2018	7	24	"12"	6	"GP115F"	3349	"model"	"Primary"	"13:24:35"	"13:29:42"	48.439225	-63.2986	98.8	1.61	1.42	"Jean-Mathieu"	0	0	0	0	0	0	2	3	5
2018	7	24	"12"	7	"GP130F"	2687	"model"	"Primary"	"15:01:53"	"15:06:52"	48.3292083333333	-63.1527166666667	51.2	1.41	1.14	"Jean-Mathieu"	1	0.428	0	0	2	1	12	0	12
2018	7	24	"12"	8	"GP138F"	2849	"model"	"Primary"	"16:22:51"	"16:27:54"	48.3884416666667	-62.9656	75	0.88	0.62	"Jean-Mathieu"	0	0	0	0	0	0	7	17	24
2018	7	24	"12"	10	"GP165A1"	3857	"model"	"Alternate 1"	"18:05:33"	"18:10:46"	48.33305	-62.8469833333333	82.3	0.38	0.13	"Jean-Mathieu"	0	0	0	0	0	0	2	3	5
2018	7	24	"12"	11	"GP152F"	3154	"average"	"Primary"	"19:21:22"	"19:26:22"	48.3153166666667	-62.984175	78.6	1.09	0.86	"Jean-Mathieu"	1	0.398	1	0.398	1	0	41	30	71
2018	7	24	"12"	12	"GP153F"	3379	"model"	"Primary"	"20:48:30"	"20:53:36"	48.2084916666667	-62.9704916666667	71.3	0.42	0.17	"Jean-Mathieu"	0	0	0	0	0	0	7	23	30
2018	7	25	"12"	1	"GP219F"	2269	"model"	"Primary"	"05:42:40"	"05:47:41"	47.3847166666667	-62.3591333333333	53	1.48	1.18	"Jean-Mathieu"	2	0.779	1	0.369	2	0	75	17	92
2018	7	31	"12"	1	"GP240F"	2687	"model"	"Primary"	"05:26:38"	"05:32:00"	46.562975	-62.08785	43.9	2.08	1.74	"Jean-Mathieu"	0	0	0	0	0	0	0	0	0
2018	7	31	"12"	2	"GP234F"	2248	"model"	"Primary"	"06:50:58"	"06:56:09"	46.5852	-62.2420916666667	49.4	1.45	1.14	"Jean-Mathieu"	1	0.439	0	0	1	0	17	7	24
2018	7	31	"12"	4	"GP226A1"	1784	"model"	"Alternate 1"	"09:11:49"	"09:17:03"	46.7045916666667	-62.2122416666667	67.7	0.62	0.33	"Jean-Mathieu"	2	1.152	0	0	3	0	8	3	11
2018	7	31	"12"	5	"GP220F"	2763	"model"	"Primary"	"10:50:13"	"10:55:22"	46.733725	-62.3015166666667	65.8	0.71	0.42	"Jean-Mathieu"	32	18.307	1	0.423	38	6	137	29	166
2018	7	31	"12"	6	"GP214F"	2761	"model"	"Primary"	"12:08:36"	"12:13:42"	46.6390166666667	-62.37695	58.5	0.79	0.5	"Jean-Mathieu"	4	2.438	0	0	4	0	25	28	53
2018	7	31	"12"	7	"GP192F"	2610	"model"	"Primary"	"13:31:16"	"13:36:35"	46.61295	-62.5365416666667	47.5	1.48	1.1	"Jean-Mathieu"	2	1.198	0	0	3	1	17	2	19
2018	7	31	"12"	8	"GP197F"	2570	"model"	"Primary"	"14:26:55"	"14:32:08"	46.6629916666667	-62.5771333333333	53	1.14	0.82	"Jean-Mathieu"	5	2.749	0	0	7	1	20	2	22
2018	7	31	"12"	9	"GP189F"	3122	"model"	"Primary"	"15:16:03"	"15:21:24"	46.6121833333333	-62.6314333333333	47.5	1.44	1.1	"Jean-Mathieu"	0	0	0	0	0	0	0	0	0
2018	7	31	"12"	10	"GP162F"	2550	"model"	"Primary"	"16:45:06"	"16:50:16"	46.6036166666667	-62.8460083333333	53	1.28	0.94	"Jean-Mathieu"	4	2.082	0	0	5	1	77	40	117
2018	7	31	"12"	11	"GP170F"	2752	"model"	"Primary"	"18:00:18"	"18:05:26"	46.7043416666667	-62.8809166666667	54.9	0.84	0.55	"Jean-Mathieu"	35	18.761	0	0	41	5	137	146	283
2018	7	31	"12"	13	"GP174A1"	2230	"model"	"Alternate 1"	"20:52:29"	"20:57:28"	46.6645666666667	-62.7904416666667	53	1.08	0.74	"Jean-Mathieu"	0	0	0	0	0	0	5	0	5
2018	8	1	"12"	1	"GP184F"	2740	"model"	"Primary"	"05:37:04"	"05:42:20"	46.8060416666667	-62.6764333333333	60.4	0.78	0.53	"Jean-Mathieu"	31	16.583	0	0	34	2	191	50	241
2018	8	1	"12"	2	"GP159F"	2584	"model"	"Primary"	"07:04:20"	"07:09:37"	46.8346833333333	-62.8396833333333	58.5	0.81	0.54	"Jean-Mathieu"	23	12.221	1	0.411	35	12	128	36	164
2018	8	1	"12"	3	"GP147F"	2769	"model"	"Primary"	"08:41:37"	"08:46:42"	46.88225	-63.020525	60.4	0.58	0.29	"Jean-Mathieu"	2	1.05	0	0	2	0	160	171	331
2018	8	1	"12"	4	"GP149F"	3167	"model"	"Primary"	"09:46:00"	"09:51:10"	46.9262	-63.01655	60.4	0.75	0.48	"Jean-Mathieu"	3	1.668	1	0.451	6	3	39	35	74
2018	8	1	"12"	5	"GP158F"	2543	"model"	"Primary"	"10:35:06"	"10:40:20"	46.9421583333333	-62.9175083333333	60.4	0.82	0.54	"Jean-Mathieu"	4	2.624	2	1.219	4	0	44	111	155
2018	8	1	"12"	6	"GP176F"	2891	"model"	"Primary"	"11:43:07"	"11:48:26"	46.9883083333333	-62.7692833333333	64	0.67	0.33	"Jean-Mathieu"	11	5.866	3	1.286	11	0	45	198	243
2018	8	1	"12"	7	"GP179F"	3292	"model"	"Primary"	"12:37:30"	"12:42:43"	47.0128583333333	-62.6861916666667	67.7	0.62	0.33	"Jean-Mathieu"	6	3.087	1	0.365	8	2	39	201	240
2018	8	1	"12"	9	"GP191A1"	3214	"model"	"Alternate 1"	"14:42:11"	"14:47:23"	47.095825	-62.5253916666667	69.5	0.61	0.29	"Jean-Mathieu"	9	4.651	3	1.24	15	6	57	64	121
2018	8	1	"12"	10	"GP177F"	3011	"model"	"Primary"	"16:03:45"	"16:08:57"	47.163125	-62.6823666666667	65.8	0.4	0.09	"Jean-Mathieu"	66	35.188	1	0.541	74	7	149	180	329
2018	8	1	"12"	11	"GP163F"	2610	"model"	"Primary"	"17:29:32"	"17:34:37"	47.0974666666667	-62.8740083333333	58.5	0.65	0.33	"Jean-Mathieu"	26	15.217	0	0	28	2	81	43	124
2018	8	1	"12"	12	"GP164F"	3096	"model"	"Primary"	"18:32:42"	"18:37:55"	47.1660916666667	-62.87435	60.4	0.55	0.26	"Jean-Mathieu"	37	20.938	0	0	44	6	96	26	122
2018	8	1	"12"	13	"GP151F"	2690	"model"	"Primary"	"19:41:28"	"19:46:42"	47.1873916666667	-63.0022666666667	60.4	0.54	0.25	"Jean-Mathieu"	48	28.572	0	0	59	11	168	17	185
2018	8	2	"12"	1	"GP154F"	2417	"model"	"Primary"	"05:45:17"	"05:50:37"	46.6012416666667	-63.06805	47.5	1.7	1.34	"Jean-Mathieu"	0	0	0	0	1	1	72	80	152
2018	8	2	"12"	2	"GP133F"	2308	"model"	"Primary"	"06:46:01"	"06:51:12"	46.6205416666667	-63.1672833333333	43.9	1.56	1.26	"Jean-Mathieu"	6	2.919	0	0	6	0	78	10	88
2018	8	2	"12"	3	"GP141F"	2526	"average"	"Primary"	"07:36:18"	"07:41:19"	46.6762833333333	-63.1192833333333	45.7	1.52	1.18	"Jean-Mathieu"	4	1.709	0	0	4	0	39	35	74
2018	8	2	"12"	6	"GP128A2"	2736	"model"	"Alternate 2"	"17:16:15"	"17:21:17"	46.7394416666667	-63.237175	45.7	0.97	0.62	"Jean-Mathieu"	0	0	0	0	0	0	30	8	38
2018	8	2	"12"	8	"GP123A1"	2574	"model"	"Alternate 1"	"19:23:45"	"19:29:04"	46.8266333333333	-63.28795	49.4	0.73	0.42	"Jean-Mathieu"	9	4.43	0	0	10	1	106	79	185
2018	8	2	"12"	9	"GP099F"	2336	"model"	"Primary"	"20:38:27"	"20:43:36"	46.791475	-63.422175	45.7	1.11	0.86	"Jean-Mathieu"	7	3.46	0	0	11	4	73	19	92
2018	8	3	"12"	1	"GP094F"	2449	"model"	"Primary"	"05:38:48"	"05:43:50"	46.785425	-63.497325	42.1	1.44	1.14	"Jean-Mathieu"	2	1.478	0	0	4	2	53	24	77
2018	8	3	"12"	2	"GP113F"	2710	"model"	"Primary"	"07:19:32"	"07:24:37"	46.9107083333333	-63.3183583333333	58.5	0.43	0.13	"Jean-Mathieu"	4	2.078	0	0	4	0	94	105	199
2018	8	3	"12"	3	"GP127F"	2783	"model"	"Primary"	"08:26:32"	"08:31:47"	46.9596166666667	-63.2029333333333	58.5	0.6	0.33	"Jean-Mathieu"	31	17.194	0	0	34	3	141	111	252
2018	8	3	"12"	8	"GP124F"	3900	"model"	"Primary"	"15:22:17"	"15:27:34"	47.1764916666667	-63.2443916666667	65.8	0.51	0.23	"Jean-Mathieu"	12	5.798	0	0	22	9	68	51	119
2018	8	3	"12"	9	"GP105F"	2778	"model"	"Primary"	"16:18:57"	"16:24:03"	47.1681083333333	-63.3495416666667	56.7	0.43	0.13	"Jean-Mathieu"	3	1.502	0	0	4	1	8	1	9
2018	8	3	"12"	10	"GP106F"	3132	"model"	"Primary"	"17:31:41"	"17:36:53"	47.0847916666667	-63.3254833333333	56.7	0.34	0.05	"Jean-Mathieu"	8	3.872	0	0	10	2	135	137	272
2018	8	3	"12"	11	"GP125F"	2982	"model"	"Primary"	"18:29:06"	"18:34:36"	47.0081833333333	-63.2871333333333	56.7	0.51	0.22	"Jean-Mathieu"	7	3.401	0	0	8	1	50	55	105
2018	8	4	"12"	1	"GP084A1"	2106	"model"	"Alternate 1"	"05:45:27"	"05:50:34"	46.955075	-63.5133416666667	49.4	0.8	0.5	"Jean-Mathieu"	0	0	0	0	0	0	224	186	410
2018	8	4	"12"	2	"GP077F"	2778	"model"	"Primary"	"07:05:15"	"07:10:27"	46.9684166666667	-63.6349416666667	43.9	1.17	0.88	"Jean-Mathieu"	8	5.132	0	0	10	2	86	52	138
2018	8	4	"12"	3	"GP068F"	3000	"model"	"Primary"	"08:31:33"	"08:36:44"	47.0972583333333	-63.70765	54.9	0.49	0.17	"Jean-Mathieu"	0	0	0	0	1	1	290	258	548
2018	8	4	"12"	4	"GP088F"	1627	"model"	"Primary"	"09:45:54"	"09:51:15"	47.1064666666667	-63.5655333333333	49.4	0.35	0.05	"Jean-Mathieu"	5	2.116	0	0	5	0	82	74	156
2018	8	4	"12"	5	"GP080F"	1413	"model"	"Primary"	"11:03:05"	"11:08:24"	47.157375	-63.5708166666667	53	0.15	-0.15	"Jean-Mathieu"	0	0	0	0	0	0	0	0	0
2018	8	4	"12"	6	"GP076F"	3323	"model"	"Primary"	"12:21:43"	"12:26:54"	47.2394583333333	-63.6426666666667	65.8	0.12	-0.16	"Jean-Mathieu"	14	7.192	1	0.357	21	7	100	76	176
2018	8	4	"12"	7	"GP061F"	2793	"model"	"Primary"	"13:23:47"	"13:28:58"	47.1960166666667	-63.7686583333333	54.9	0.49	0.15	"Jean-Mathieu"	5	2.48	0	0	5	0	115	76	191
2018	8	4	"12"	8	"GP049F"	2408	"model"	"Primary"	"14:23:01"	"14:28:18"	47.2009333333333	-63.8123416666667	47.5	0.31	-0.04	"Jean-Mathieu"	7	3.882	2	0.785	7	0	32	9	41
2018	8	4	"12"	9	"GP046F"	2404	"model"	"Primary"	"16:07:15"	"16:12:19"	47.3338083333333	-63.9501833333333	40.2	0.09	-0.21	"Jean-Mathieu"	1	0.552	0	0	2	1	57	46	103
2018	8	4	"12"	10	"GP036F"	2371	"model"	"Primary"	"17:32:49"	"17:37:53"	47.2249166666667	-64.0955833333333	40.2	1.24	0.87	"Jean-Mathieu"	2	1.089	0	0	3	0	24	9	33
2018	8	4	"12"	11	"GP026F"	2764	"model"	"Primary"	"18:55:32"	"19:00:32"	47.0859	-64.1880083333333	40.2	0.29	-0.12	"Jean-Mathieu"	5	2.494	0	0	6	1	89	45	134
2018	8	4	"12"	12	"GP024F"	2789	"model"	"Primary"	"20:11:27"	"20:16:26"	47.1897583333333	-64.2446666666667	40.2	0.72	0.33	"Jean-Mathieu"	7	3.393	0	0	7	0	72	34	106
2018	8	5	"12"	1	"GP025F"	2956	"model"	"Primary"	"05:58:33"	"06:03:39"	47.3158416666667	-64.1916333333333	45.7	0.61	0.25	"Jean-Mathieu"	5	2.599	0	0	6	1	51	33	84
2018	8	5	"12"	2	"GP044F"	2080	"model"	"Primary"	"07:31:43"	"07:36:48"	47.4167833333333	-64.0842833333333	36.6	0.92	0.59	"Jean-Mathieu"	0	0	0	0	0	0	5	0	5
2018	8	5	"12"	3	"GP023F"	2886	"model"	"Primary"	"09:08:13"	"09:13:45"	47.3582583333333	-64.2833333333333	54.9	0.5	0.21	"Jean-Mathieu"	6	3.112	0	0	10	4	110	31	141
2018	8	5	"12"	4	"GP016F"	2532	"model"	"Primary"	"10:33:16"	"10:38:28"	47.3022333333333	-64.4435166666667	42.1	0.42	0.07	"Jean-Mathieu"	3	1.41	0	0	3	0	80	21	101
2018	8	5	"12"	5	"GP019F"	2446	"average"	"Primary"	"12:14:23"	"12:19:21"	47.436275	-64.3455166666667	53	0.21	-0.08	"Jean-Mathieu"	9	5.009	1	0.694	11	1	47	22	69
2018	8	5	"12"	6	"GP018F"	2575	"model"	"Primary"	"13:15:32"	"13:20:42"	47.50255	-64.391175	45.7	0.21	-0.12	"Jean-Mathieu"	45	26.252	1	0.46	53	7	122	57	179
2018	8	5	"12"	7	"GP028F"	2568	"model"	"Primary"	"14:55:25"	"15:00:41"	47.54435	-64.1779916666667	64	0.4	0.15	"Jean-Mathieu"	13	6.81	11	5.591	16	3	25	36	61
2018	8	5	"12"	8	"GP032F"	1938	"model"	"Primary"	"15:44:27"	"15:49:44"	47.553875	-64.1288916666667	65.8	0.6	0.33	"Jean-Mathieu"	13	6.986	9	4.861	14	1	26	61	87
2018	8	5	"12"	9	"GP050F"	2907	"model"	"Primary"	"17:36:03"	"17:41:09"	47.48865	-63.8994083333333	65.8	-0.25	-0.53	"Jean-Mathieu"	18	9.474	2	0.817	23	5	125	84	209
2018	8	5	"12"	10	"GP048F"	3545	"model"	"Primary"	"18:45:43"	"18:50:43"	47.4413	-63.8346166666667	60.4	-0.1	-0.35	"Jean-Mathieu"	3	1.887	0	0	3	0	90	83	173
2018	8	5	"12"	11	"GP067F"	3247	"model"	"Primary"	"19:56:15"	"20:01:13"	47.389675	-63.71375	60.4	0.12	-0.12	"Jean-Mathieu"	8	4.655	3	1.37	8	0	28	96	124
2018	8	6	"12"	1	"GP066F"	3027	"model"	"Primary"	"05:44:57"	"05:50:10"	47.5090083333333	-63.7233166666667	69.5	-0.11	-0.37	"Jean-Mathieu"	13	7.426	2	1.614	21	8	129	9	138
2018	8	6	"12"	2	"GP070F"	3486	"model"	"Primary"	"07:03:22"	"07:08:33"	47.6399416666667	-63.7053583333333	64	-0.25	-0.53	"Jean-Mathieu"	25	12.524	8	3.833	25	0	105	149	254
2018	8	6	"12"	3	"GP063F"	3571	"model"	"Primary"	"08:05:37"	"08:10:46"	47.729075	-63.6713	69.5	0.41	0.13	"Jean-Mathieu"	12	8.009	5	3.06	13	1	36	61	97
2018	8	6	"12"	5	"GP047A1"	2637	"model"	"Alternate 1"	"10:37:52"	"10:42:55"	47.6437583333333	-63.9572666666667	51.2	-0.25	-0.58	"Jean-Mathieu"	2	1.214	0	0	4	2	9	0	9
2018	8	6	"12"	6	"GP022F"	1761	"model"	"Primary"	"12:01:04"	"12:06:14"	47.6584833333333	-64.1606083333333	56.7	0.63	0.37	"Jean-Mathieu"	8	4.25	7	3.689	8	0	13	69	82
2018	8	6	"12"	7	"GP030F"	2176	"model"	"Primary"	"12:57:38"	"13:02:45"	47.6985083333333	-64.1596833333333	71.3	0.68	0.42	"Jean-Mathieu"	40	22.368	34	18.68	41	1	54	6	60
2018	8	6	"12"	8	"GP040F"	2006	"model"	"Primary"	"14:01:56"	"14:07:07"	47.6833583333333	-64.0938583333333	71.3	0.72	0.46	"Jean-Mathieu"	21	10.863	11	5.89	22	1	26	37	63
2018	8	6	"12"	9	"GP042F"	2126	"model"	"Primary"	"15:12:32"	"15:17:48"	47.7631333333333	-64.0072	75	0.78	0.54	"Jean-Mathieu"	12	7.73	6	3.976	16	4	22	15	37
2018	8	6	"12"	10	"GP052F"	2309	"model"	"Primary"	"16:13:56"	"16:18:51"	47.7542083333333	-63.8776166666667	82.3	0.66	0.37	"Jean-Mathieu"	19	11.434	4	2.246	33	13	54	75	129
2018	8	6	"12"	11	"GP051F"	2126	"model"	"Primary"	"17:15:05"	"17:20:23"	47.8212166666667	-63.8745833333333	82.3	0.81	0.58	"Jean-Mathieu"	12	7.053	7	4.126	22	10	62	28	90
2018	8	6	"12"	12	"GP041F"	3737	"model"	"Primary"	"18:32:17"	"18:37:47"	47.8244916666667	-64.0231833333333	82.3	0.78	0.54	"Jean-Mathieu"	4	2.559	2	1.104	4	0	29	76	105
2018	8	6	"12"	14	"GP031A1"	2241	"model"	"Alternate 1"	"20:22:03"	"20:27:22"	47.8653666666667	-64.1853916666667	45.7	1.33	0.97	"Jean-Mathieu"	0	0	0	0	0	0	1	0	1
2018	8	7	"12"	1	"GP039F"	3394	"model"	"Primary"	"05:56:52"	"06:02:10"	47.944325	-64.05395	62.2	0.86	0.57	"Jean-Mathieu"	13	8.205	1	0.401	13	0	35	15	50
2018	8	7	"12"	2	"GP045F"	1992	"model"	"Primary"	"06:52:38"	"06:57:52"	47.9389083333333	-63.969775	91.4	0.8	0.58	"Jean-Mathieu"	1	1.101	0	0	2	1	18	1	19
2018	8	7	"12"	3	"GP069F"	3237	"model"	"Primary"	"08:45:49"	"08:51:03"	47.9061083333333	-63.7094	64	0.81	0.54	"Jean-Mathieu"	1	0.371	1	0.371	1	0	58	59	117
2018	8	7	"12"	5	"GP092A1"	3588	"model"	"Alternate 1"	"11:00:15"	"11:05:26"	47.8556166666667	-63.6434583333333	71.3	0.39	0.09	"Jean-Mathieu"	0	0	0	0	0	0	13	5	18
2018	8	7	"12"	6	"GP095F"	4046	"model"	"Primary"	"12:17:58"	"12:23:10"	47.7728166666667	-63.49225	76.8	0.34	0.05	"Jean-Mathieu"	9	4.942	3	1.575	10	1	57	44	101
2018	8	7	"12"	7	"GP111F"	3940	"model"	"Primary"	"13:31:22"	"13:36:35"	47.8046666666667	-63.3174333333333	82.3	0.64	0.37	"Jean-Mathieu"	10	5.055	4	2.154	14	4	58	45	103
2018	8	7	"12"	8	"GP110F"	3834	"model"	"Primary"	"14:23:03"	"14:28:15"	47.8344333333333	-63.3395083333333	76.8	0.71	0.42	"Jean-Mathieu"	3	2.215	1	0.79	4	1	8	41	49
2018	8	7	"12"	9	"GP100F"	4020	"model"	"Primary"	"16:09:52"	"16:15:05"	47.9750666666667	-63.413025	76.8	0.87	0.62	"Jean-Mathieu"	2	1.283	2	1.283	2	0	17	47	64
2018	8	7	"12"	10	"GP087F"	3833	"model"	"Primary"	"17:09:32"	"17:14:44"	47.979675	-63.53275	76.8	0.82	0.58	"Jean-Mathieu"	1	0.418	1	0.418	1	0	49	105	154
2018	8	7	"12"	11	"GP062F"	1737	"model"	"Primary"	"18:53:49"	"18:58:48"	47.9933916666667	-63.7684583333333	96.9	0.86	0.66	"Jean-Mathieu"	11	7.491	2	1.116	25	14	42	6	48
2018	8	7	"12"	12	"GP053F"	2197	"model"	"Primary"	"20:26:46"	"20:31:53"	48.0399416666667	-63.9451416666667	82.3	0.67	0.42	"Jean-Mathieu"	4	2.884	0	0	7	3	53	78	131
2018	8	8	"12"	3	"GP043A2"	1488	"model"	"Alternate 2"	"07:29:18"	"07:33:50"	48.1117333333333	-64.0652833333333	40.2	1.54	1.18	"Jean-Mathieu"	0	0	0	0	0	0	0	0	0
2018	8	8	"12"	4	"GP015F"	2680	"model"	"Primary"	"09:54:10"	"09:59:04"	48.1203	-64.4724666666667	45.7	1.74	1.43	"Jean-Mathieu"	1	0.863	0	0	1	0	45	39	84
2018	8	13	"12"	1	"GP009F"	2969	"model"	"Primary"	"15:28:27"	"15:33:26"	47.887025	-64.98705	47.5	0.82	0.46	"Jean-Mathieu"	5	3.139	0	0	5	0	18	11	29
2018	8	13	"12"	2	"GP008F"	2881	"average"	"Primary"	"16:30:45"	"16:35:46"	47.8968833333333	-65.1393	76.8	0.8	0.54	"Jean-Mathieu"	7	4.714	2	1.419	10	2	34	1	35
2018	8	13	"12"	3	"GP006F"	2881	"average"	"Primary"	"17:21:09"	"17:26:09"	47.8924416666667	-65.2090166666667	71.3	0.79	0.54	"Jean-Mathieu"	12	7.821	3	2.139	23	10	41	4	45
2018	8	13	"12"	4	"GP002F"	2992	"model"	"Primary"	"20:00:53"	"20:05:50"	47.7850916666667	-65.5415916666667	40.2	0.89	0.54	"Jean-Mathieu"	3	1.72	1	0.36	7	4	50	23	73
2018	8	14	"12"	1	"GP001F"	1759	"model"	"Primary"	"06:01:18"	"06:06:18"	47.976175	-65.6263083333333	45.7	1.39	1.02	"Jean-Mathieu"	7	4.54	0	0	8	1	44	19	63
2018	8	14	"12"	2	"GP003F"	2197	"model"	"Primary"	"07:32:22"	"07:37:26"	47.9164	-65.4901916666667	51.2	1.27	1	"Jean-Mathieu"	0	0	0	0	0	0	1	0	1
2018	8	14	"12"	3	"GP004F"	2653	"model"	"Primary"	"08:30:07"	"08:35:40"	47.8614666666667	-65.4848166666667	60.4	0.81	0.54	"Jean-Mathieu"	2	1.272	0	0	6	4	35	14	49
2018	8	14	"12"	4	"GP005F"	3012	"model"	"Primary"	"10:14:30"	"10:19:25"	47.9608916666667	-65.3417333333333	45.7	1.95	1.59	"Jean-Mathieu"	12	7.292	0	0	19	7	169	59	228
2018	8	14	"12"	5	"GP007F"	4167	"model"	"Primary"	"11:40:52"	"11:46:14"	47.9294666666667	-65.1733083333333	75	0.77	0.54	"Jean-Mathieu"	7	5.196	4	2.87	8	1	19	68	87
2018	8	14	"12"	6	"GP011F"	1291	"model"	"Primary"	"12:56:00"	"13:01:18"	47.9518416666667	-65.0146333333333	78.6	0.78	0.54	"Jean-Mathieu"	5	3.965	0	0	20	15	37	9	46
2018	8	14	"12"	7	"GP010F"	3508	"model"	"Primary"	"14:16:06"	"14:21:27"	48.0428666666667	-64.9902166666667	80.5	0.87	0.58	"Jean-Mathieu"	0	0	0	0	1	1	16	37	53
2018	8	14	"12"	8	"GP012F"	3061	"average"	"Primary"	"16:01:56"	"16:06:54"	48.0662833333333	-64.7752916666667	84.1	0.78	0.58	"Jean-Mathieu"	8	4.68	1	0.508	10	2	44	2	46
2018	8	14	"12"	9	"GP013F"	4257	"model"	"Primary"	"18:06:33"	"18:11:34"	48.2441416666667	-64.6753916666667	84.1	0.77	0.54	"Jean-Mathieu"	7	4.882	3	2.013	8	1	28	38	66
2018	8	14	"12"	10	"GP017F"	3466	"model"	"Primary"	"19:48:17"	"19:53:35"	48.197025	-64.424825	95.1	0.79	0.58	"Jean-Mathieu"	1	0.755	1	0.755	1	0	44	54	98
2018	8	15	"12"	1	"GP014F"	2976	"model"	"Primary"	"06:24:27"	"06:29:29"	48.3644583333333	-64.4041166666667	67.7	1.13	0.85	"Jean-Mathieu"	0	0	0	0	0	0	10	7	17
2018	8	15	"12"	2	"GP020F"	1985	"model"	"Primary"	"07:47:22"	"07:52:30"	48.2695416666667	-64.3345583333333	111.6	0.78	0.58	"Jean-Mathieu"	7	5.162	0	0	11	4	24	0	24
2018	8	15	"12"	3	"GP021F"	3316	"model"	"Primary"	"08:36:41"	"08:41:57"	48.2531333333333	-64.3060916666667	107.9	0.77	0.54	"Jean-Mathieu"	26	19.482	2	1.767	33	7	48	38	86
2018	8	15	"12"	4	"GP037F"	3127	"model"	"Primary"	"10:18:32"	"10:23:40"	48.2368166666667	-64.0696583333333	62.2	0.77	0.54	"Jean-Mathieu"	6	3.358	0	0	6	0	47	58	105
2018	8	15	"12"	5	"GP055F"	2645	"model"	"Primary"	"11:26:06"	"11:31:09"	48.1806916666667	-63.9627666666667	51.2	0.95	0.68	"Jean-Mathieu"	0	0	0	0	0	0	1	0	1
2018	8	15	"12"	6	"GP029F"	1716	"model"	"Primary"	"12:45:11"	"12:50:30"	48.2810333333333	-64.0168416666667	71.3	0.77	0.5	"Jean-Mathieu"	0	0	0	0	0	0	32	14	46
2018	8	15	"12"	7	"GP058F"	2831	"average"	"Primary"	"14:17:23"	"14:22:24"	48.3423	-63.8419583333333	106.1	1.06	0.86	"Jean-Mathieu"	6	3.312	2	1.111	9	3	23	18	41
2018	8	15	"12"	8	"GP059F"	2916	"model"	"Primary"	"15:57:37"	"16:02:56"	48.3925083333333	-63.8331	111.6	1.6	1.42	"Jean-Mathieu"	3	1.833	0	0	6	3	96	106	202
2018	8	15	"12"	9	"GP034F"	3229	"model"	"Primary"	"18:12:08"	"18:17:16"	48.455425	-64.1156166666667	65.8	0.98	0.72	"Jean-Mathieu"	0	0	0	0	0	0	8	2	10
2018	8	16	"12"	1	"GP027F"	2596	"model"	"Primary"	"06:00:49"	"06:06:07"	48.5385833333333	-64.1764083333333	76.8	0.94	0.7	"Jean-Mathieu"	1	0.414	0	0	1	0	326	258	584
2018	8	16	"12"	2	"GP033F"	2782	"model"	"Primary"	"07:19:10"	"07:24:46"	48.542075	-64.1254166666667	102.4	1.05	0.82	"Jean-Mathieu"	6	2.926	0	0	7	1	175	172	347
2018	8	16	"12"	3	"GP038F"	1317	"model"	"Primary"	"08:53:25"	"08:58:20"	48.6259083333333	-64.0523333333333	84.1	0.89	0.66	"Jean-Mathieu"	0	0	0	0	0	0	71	121	192
2018	8	16	"12"	4	"GP035F"	4320	"model"	"Primary"	"10:37:02"	"10:42:21"	48.7579583333333	-64.0611333333333	75	1.24	0.98	"Jean-Mathieu"	0	0	0	0	0	0	3	2	5
2018	8	16	"12"	5	"GP054F"	1730	"model"	"Primary"	"11:52:18"	"11:57:34"	48.7306166666667	-63.9633833333333	144.5	3.14	3.02	"Jean-Mathieu"	1	0.385	0	0	1	0	10	8	18
2018	8	16	"12"	6	"GP064F"	2692	"model"	"Primary"	"13:33:10"	"13:38:22"	48.6609583333333	-63.8235333333333	144.5	3.07	2.93	"Jean-Mathieu"	0	0	0	0	0	0	19	10	29
2018	8	16	"12"	7	"GP078F"	2269	"model"	"Primary"	"15:17:41"	"15:23:29"	48.6167583333333	-63.6546666666667	120.7	1.71	1.55	"Jean-Mathieu"	0	0	0	0	0	0	2	0	2
2018	8	16	"12"	8	"GP056F"	1518	"model"	"Primary"	"17:32:01"	"17:34:46"	48.6253916666667	-63.8459	170.1	NA	NA	"Jean-Mathieu"	0	0	0	0	0	0	13	6	19
2018	8	16	"12"	9	"GP057F"	2833	"model"	"Primary"	"18:41:07"	"18:46:07"	48.5207083333333	-63.8457416666667	60.4	1.26	0.94	"Jean-Mathieu"	0	0	0	0	0	0	0	1	1
2018	8	17	"12"	1	"GP107F"	2550	"model"	"Primary"	"06:06:10"	"06:11:25"	48.62685	-63.4579	157.3	2.92	2.79	"Jean-Mathieu"	0	0	0	0	0	0	5	6	11
2018	8	17	"12"	3	"GP096A1"	2242	"model"	"Alternate 1"	"08:39:41"	"08:45:06"	48.5978833333333	-63.3629	157.3	3.1	2.94	"Jean-Mathieu"	0	0	0	0	0	0	1	1	2
2018	8	17	"12"	4	"GP083F"	2537	"model"	"Primary"	"10:46:16"	"10:51:36"	48.5480833333333	-63.6158916666667	118.9	1.66	1.5	"Jean-Mathieu"	0	0	0	0	0	0	0	0	0
2018	8	17	"12"	5	"GP074A1"	3341	"model"	"Alternate 1"	"12:39:40"	"12:44:38"	48.604625	-63.7954166666667	140.8	2.34	2.17	"Jean-Mathieu"	0	0	0	0	0	0	10	10	20
2018	8	17	"12"	6	"GP065F"	2392	"model"	"Primary"	"14:27:35"	"14:32:53"	48.457825	-63.732775	151.8	2.23	2.05	"Jean-Mathieu"	0	0	0	0	0	0	91	73	164
2018	8	17	"12"	7	"GP073F"	2629	"model"	"Primary"	"15:59:12"	"16:04:27"	48.36015	-63.6822083333333	89.6	0.67	0.42	"Jean-Mathieu"	1	0.382	1	0.382	1	0	71	55	126
2018	8	17	"12"	8	"GP086F"	3446	"model"	"Primary"	"17:12:38"	"17:17:36"	48.3904666666667	-63.539125	109.7	1.01	0.78	"Jean-Mathieu"	0	0	0	0	0	0	176	171	347
2018	8	17	"12"	9	"GP103F"	2240	"model"	"Primary"	"18:31:00"	"18:36:25"	48.3605833333333	-63.3962333333333	86	0.81	0.58	"Jean-Mathieu"	0	0	0	0	0	0	7	6	13
2018	8	17	"12"	10	"GP089F"	3604	"model"	"Primary"	"19:49:25"	"19:54:24"	48.3084916666667	-63.5201166666667	96.9	1.14	0.94	"Jean-Mathieu"	0	0	0	0	0	0	1	2	3
2018	8	18	"12"	1	"GP075A1"	3154	"model"	"Alternate 1"	"06:14:22"	"06:19:46"	48.2022	-63.5074083333333	96.9	0.96	0.72	"Jean-Mathieu"	6	4.474	0	0	6	0	184	189	373
2018	8	18	"12"	3	"GP071A1"	3377	"model"	"Alternate 1"	"09:11:04"	"09:16:27"	48.1744666666667	-63.8204416666667	89.6	0.65	0.42	"Jean-Mathieu"	6	3.648	2	1.04	8	2	179	176	355
2018	8	18	"12"	5	"GP060A1"	2298	"model"	"Alternate 1"	"11:55:06"	"12:00:17"	48.0602333333333	-63.6742833333333	98.8	0.92	0.7	"Jean-Mathieu"	15	11.101	5	3.397	15	0	32	5	37
2018	8	18	"12"	6	"GP082F"	3042	"model"	"Primary"	"13:06:29"	"13:11:48"	48.117625	-63.5817916666667	91.4	0.84	0.62	"Jean-Mathieu"	7	4.828	1	0.779	7	0	123	242	365
2018	8	18	"12"	7	"GP101F"	2652	"model"	"Primary"	"14:32:41"	"14:38:50"	48.137025	-63.4002083333333	89.6	0.78	0.53	"Jean-Mathieu"	3	2.113	2	1.242	3	0	50	38	88
2018	8	18	"12"	8	"GP114F"	4432	"model"	"Primary"	"15:38:54"	"15:44:19"	48.2140833333333	-63.3130916666667	95.1	0.69	0.46	"Jean-Mathieu"	9	5.083	2	1.36	10	1	94	46	140
2018	8	18	"12"	9	"GP126F"	3213	"model"	"Primary"	"16:46:46"	"16:51:54"	48.1545	-63.2029833333333	73.2	0.54	0.25	"Jean-Mathieu"	3	1.677	0	0	3	0	75	37	112
2018	8	18	"12"	10	"GP118F"	3516	"model"	"Primary"	"18:05:50"	"18:11:02"	48.0676416666667	-63.2656833333333	76.8	0.82	0.54	"Jean-Mathieu"	3	1.574	1	0.424	3	0	54	39	93
2018	8	18	"12"	11	"GP143F"	2625	"model"	"Primary"	"19:31:04"	"19:36:08"	48.0430333333333	-63.0960583333333	56.7	0.13	-0.12	"Jean-Mathieu"	0	0	0	0	0	0	5	4	9
2018	8	19	"12"	1	"GP157F"	2690	"model"	"Primary"	"06:02:36"	"06:08:25"	48.0707583333333	-62.9204166666667	65.8	0.52	0.21	"Jean-Mathieu"	6	3.3	1	0.373	6	0	53	35	88
2018	8	19	"12"	2	"GP169F"	2974	"model"	"Primary"	"07:28:31"	"07:33:48"	48.18115	-62.8423083333333	73.2	0.79	0.54	"Jean-Mathieu"	1	0.629	0	0	1	0	20	14	34
2018	8	19	"12"	3	"GP180F"	3479	"model"	"Primary"	"08:53:32"	"08:58:57"	48.1943083333333	-62.68225	93.3	1.12	0.9	"Jean-Mathieu"	0	0	0	0	1	1	12	42	54
2018	8	19	"12"	4	"GP185F"	3631	"model"	"Primary"	"09:47:21"	"09:52:38"	48.1448	-62.665325	98.8	1.23	1.02	"Jean-Mathieu"	2	0.928	0	0	2	0	10	24	34
2018	8	19	"12"	5	"GP172F"	3918	"model"	"Primary"	"11:24:58"	"11:30:30"	48.0299416666667	-62.808075	82.3	0.89	0.6	"Jean-Mathieu"	1	0.546	0	0	1	0	54	119	173
2018	8	19	"12"	6	"GP183F"	3325	"model"	"Primary"	"12:36:54"	"12:42:36"	48.0236083333333	-62.674225	86	1.01	0.74	"Jean-Mathieu"	6	3.134	1	0.62	6	0	63	128	191
2018	8	19	"12"	7	"GP193F"	2644	"model"	"Primary"	"14:00:40"	"14:05:48"	47.9132333333333	-62.5863583333333	64	0.62	0.25	"Jean-Mathieu"	5	2.515	1	0.666	5	0	52	15	67
2018	8	19	"12"	8	"GP209F"	2865	"model"	"Primary"	"15:21:15"	"15:26:32"	47.9090416666667	-62.4276666666667	73.2	0.55	0.25	"Jean-Mathieu"	4	1.711	0	0	4	0	89	104	193
2018	8	19	"12"	9	"GP204F"	2747	"model"	"Primary"	"16:26:02"	"16:31:11"	47.95375	-62.5040333333333	65.8	0.41	0.09	"Jean-Mathieu"	6	3.039	1	0.472	7	1	47	20	67
2018	8	19	"12"	10	"GP218F"	2648	"model"	"Primary"	"17:57:44"	"18:02:55"	48.033425	-62.3729916666667	80.5	0.69	0.4	"Jean-Mathieu"	6	2.439	4	1.698	6	0	37	113	150
2018	8	19	"12"	11	"GP200F"	2659	"model"	"Primary"	"19:04:28"	"19:09:33"	48.066575	-62.4976	60.4	0.56	0.21	"Jean-Mathieu"	1	0.364	0	0	1	0	28	10	38
2018	8	19	"12"	12	"GP217F"	2692	"model"	"Primary"	"20:09:52"	"20:14:59"	48.080025	-62.375475	73.2	0.66	0.38	"Jean-Mathieu"	5	2.771	0	0	5	0	43	12	55
2018	8	20	"12"	1	"GP207F"	2701	"model"	"Primary"	"06:01:12"	"06:06:27"	48.153625	-62.3018333333333	73.2	0.53	0.29	"Jean-Mathieu"	7	3.44	1	0.469	7	0	57	29	86
2018	8	20	"12"	2	"GP227F"	1972	"model"	"Primary"	"07:05:33"	"07:10:50"	48.18515	-62.210375	86	0.78	0.54	"Jean-Mathieu"	2	1.09	0	0	2	0	11	6	17
2018	8	20	"12"	3	"GP230F"	2698	"model"	"Primary"	"07:50:35"	"07:56:10"	48.1415583333333	-62.18645	87.8	1.06	0.82	"Jean-Mathieu"	1	0.42	0	0	1	0	36	4	40
2018	8	20	"12"	5	"GP236A1"	3427	"model"	"Alternate 1"	"10:26:22"	"10:31:30"	47.960875	-62.2596833333333	73.2	0.6	0.33	"Jean-Mathieu"	1	0.377	0	0	1	0	82	32	114
2018	8	20	"12"	6	"GP243F"	2671	"model"	"Primary"	"12:07:29"	"12:12:38"	48.01475	-62.0073916666667	58.5	0.57	0.25	"Jean-Mathieu"	3	1.614	0	0	3	0	16	3	19
2018	8	20	"12"	7	"GP249F"	3900	"model"	"Primary"	"12:48:27"	"12:55:50"	48.0441	-61.9841166666667	58.5	0.63	0.33	"Jean-Mathieu"	0	0	0	0	0	0	21	20	41
2018	8	20	"12"	8	"GP261F"	2599	"model"	"Primary"	"13:37:21"	"13:42:29"	48.0435083333333	-61.887275	62.2	0.56	0.24	"Jean-Mathieu"	1	0.364	1	0.364	1	0	38	48	86
2018	8	20	"12"	9	"GP257F"	2835	"average"	"Primary"	"14:37:36"	"14:42:38"	47.98505	-61.9145333333333	56.7	0.88	0.59	"Jean-Mathieu"	3	1.578	0	0	3	0	42	144	186
2018	8	20	"12"	10	"GP247F"	2635	"model"	"Primary"	"16:09:52"	"16:14:55"	47.8672833333333	-61.9844333333333	53	2.48	2.17	"Jean-Mathieu"	6	3.722	0	0	6	0	78	42	120
2018	8	20	"12"	11	"GP258F"	2545	"model"	"Primary"	"16:49:14"	"16:54:16"	47.8641083333333	-61.9101	54.9	2.57	2.27	"Jean-Mathieu"	7	4.15	0	0	7	0	46	33	79
2018	8	20	"12"	12	"GP281F"	2471	"model"	"Primary"	"17:59:14"	"18:04:22"	47.8939916666667	-61.7426833333333	58.5	1.67	1.34	"Jean-Mathieu"	8	4.225	1	0.396	10	2	94	120	214
2018	8	20	"12"	13	"GP278F"	2713	"model"	"Primary"	"19:00:33"	"19:05:34"	47.9524083333333	-61.66805	56.7	0.62	0.25	"Jean-Mathieu"	1	0.863	0	0	2	1	11	6	17
2018	8	20	"12"	14	"GP287F"	2869	"model"	"Primary"	"20:12:39"	"20:17:46"	48.028275	-61.5548	60.4	0.41	0.13	"Jean-Mathieu"	0	0	0	0	0	0	2	0	2
2018	8	21	"12"	1	"GP303F"	2579	"model"	"Primary"	"06:02:17"	"06:07:27"	47.9533916666667	-61.3776333333333	58.5	1.73	1.42	"Jean-Mathieu"	2	0.928	0	0	4	1	12	0	12
2018	8	21	"12"	2	"GP300F"	2464	"model"	"Primary"	"06:55:05"	"07:00:05"	47.9049666666667	-61.3780333333333	53	2.54	2.21	"Jean-Mathieu"	0	0	0	0	0	0	0	0	0
2018	8	25	"12"	1	"GP190F"	3248	"model"	"Primary"	"06:14:27"	"06:19:38"	47.20715	-62.6110166666667	65.8	0.47	0.21	"Jean-Mathieu"	16	7.652	0	0	21	5	146	153	299
2018	8	25	"12"	2	"GP196F"	2627	"model"	"Primary"	"07:32:21"	"07:37:32"	47.2785166666667	-62.568875	64	0.4	0.13	"Jean-Mathieu"	13	6.305	3	1.144	15	2	77	115	192
2018	8	25	"12"	3	"GP188F"	2750	"model"	"Primary"	"08:29:24"	"08:34:33"	47.2573166666667	-62.6311583333333	64	0.36	0.05	"Jean-Mathieu"	21	12.329	6	3.459	21	0	73	279	352
2018	8	25	"12"	4	"GP161F"	2584	"model"	"Primary"	"10:11:24"	"10:16:27"	47.2626	-62.840425	56.7	0.39	0.09	"Jean-Mathieu"	6	3.193	0	0	6	0	51	29	80
2018	8	25	"12"	5	"GP160F"	2267	"model"	"Primary"	"11:44:42"	"11:49:46"	47.3835833333333	-62.9045166666667	49.4	1.61	1.25	"Jean-Mathieu"	5	3.159	0	0	5	0	35	11	46
2018	8	25	"12"	6	"GP146F"	2603	"model"	"Primary"	"13:12:29"	"13:17:42"	47.326075	-63.0565833333333	56.7	0.91	0.57	"Jean-Mathieu"	57	30.637	5	2.823	60	3	107	23	130
2018	8	25	"12"	7	"GP116F"	3106	"model"	"Primary"	"14:18:09"	"14:23:10"	47.2856	-63.147275	67.7	0.68	0.33	"Jean-Mathieu"	31	15.37	0	0	44	13	168	103	271
2018	8	25	"12"	8	"GP140F"	3946	"model"	"Primary"	"15:51:50"	"15:56:57"	47.433525	-63.129475	69.5	0.96	0.62	"Jean-Mathieu"	17	8.771	4	2.18	17	0	38	49	87
2018	8	25	"12"	9	"GP117F"	3462	"model"	"Primary"	"18:14:40"	"18:19:43"	47.4321333333333	-63.2753916666667	69.5	1.09	0.78	"Jean-Mathieu"	23	14.698	4	2.827	23	0	31	66	97
2018	8	25	"12"	10	"GP097F"	3097	"average"	"Primary"	"19:39:10"	"19:44:08"	47.3472	-63.3796833333333	75	0.45	0.17	"Jean-Mathieu"	12	5.919	1	0.416	15	3	84	31	115
2018	8	26	"12"	1	"GP090F"	2766	"average"	"Primary"	"06:16:24"	"06:21:25"	47.3403666666667	-63.5153333333333	69.5	0.6	0.29	"Jean-Mathieu"	21	12.404	6	3.525	25	4	62	152	214
2018	8	26	"12"	2	"GP079F"	3034	"average"	"Primary"	"07:16:22"	"07:21:22"	47.3658583333333	-63.4883166666667	73.2	0.36	0.05	"Jean-Mathieu"	26	13.535	10	5.308	30	4	47	150	197
2018	8	26	"12"	3	"GP104F"	2441	"model"	"Primary"	"08:20:49"	"08:25:49"	47.4374833333333	-63.3994416666667	80.5	0.11	-0.16	"Jean-Mathieu"	25	14.611	6	3.866	30	5	167	127	294
2018	8	26	"12"	4	"GP108F"	3995	"model"	"Primary"	"09:49:27"	"09:54:45"	47.55785	-63.355475	76.8	0	-0.28	"Jean-Mathieu"	36	23.812	3	2.145	37	1	69	239	308
2018	8	26	"12"	5	"GP091F"	3321	"average"	"Primary"	"11:14:31"	"11:19:32"	47.55205	-63.5123416666667	69.5	0.18	-0.12	"Jean-Mathieu"	6	3.419	2	1.339	8	0	25	102	127
2018	8	26	"12"	6	"GP093F"	2929	"model"	"Primary"	"12:22:45"	"12:27:43"	47.63295	-63.550875	67.7	0.24	-0.08	"Jean-Mathieu"	17	10.519	2	0.819	18	1	59	52	111
2018	8	26	"12"	7	"GP102F"	3389	"average"	"Primary"	"13:41:47"	"13:46:46"	47.6162916666667	-63.3986916666667	82.3	0.04	-0.24	"Jean-Mathieu"	26	16.249	7	4.337	40	14	146	52	198
2018	8	26	"12"	8	"GP119F"	3204	"average"	"Primary"	"14:53:13"	"14:58:13"	47.6049666666667	-63.2660916666667	86	0.1	-0.14	"Jean-Mathieu"	20	11.343	7	4.545	31	11	98	8	106
2018	8	26	"12"	9	"GP132F"	3003	"model"	"Primary"	"15:56:28"	"16:01:37"	47.5753916666667	-63.1724916666667	60.4	1.15	0.83	"Jean-Mathieu"	21	10.631	5	3.094	26	5	55	92	147
2018	8	26	"12"	10	"GP148F"	2068	"model"	"Primary"	"17:17:20"	"17:22:22"	47.5379666666667	-63.021675	51.2	2.82	2.48	"Jean-Mathieu"	0	0	0	0	0	0	14	0	14
2018	8	26	"12"	11	"GP137F"	2659	"model"	"Primary"	"18:58:33"	"19:03:37"	47.673	-63.13105	65.8	0.59	0.24	"Jean-Mathieu"	12	6.246	4	1.973	13	1	106	70	176
2018	8	27	"12"	1	"GP173F"	2368	"model"	"Primary"	"06:14:56"	"06:19:58"	47.660025	-62.7894333333333	58.5	1.05	0.7	"Jean-Mathieu"	6	2.864	3	1.143	6	0	30	23	53
2018	8	27	"12"	2	"GP171F"	2457	"model"	"Primary"	"07:01:31"	"07:06:31"	47.6864916666667	-62.813875	58.5	1.16	0.83	"Jean-Mathieu"	2	0.868	0	0	2	0	27	27	54
2018	8	27	"12"	3	"GP155F"	2566	"model"	"Primary"	"08:14:10"	"08:19:23"	47.707725	-62.9300416666667	58.5	1.08	0.75	"Jean-Mathieu"	1	0.433	0	0	1	0	21	5	26
2018	8	27	"12"	4	"GP145F"	3606	"model"	"Primary"	"09:27:26"	"09:32:47"	47.73825	-63.0498166666667	71.3	0.35	0.05	"Jean-Mathieu"	10	4.768	1	0.359	10	0	39	12	51
2018	8	27	"12"	5	"GP131F"	3929	"model"	"Primary"	"10:45:45"	"10:51:00"	47.7633833333333	-63.169575	71.3	0.39	0.09	"Jean-Mathieu"	7	3.881	1	0.683	9	2	27	34	61
2018	8	27	"12"	6	"GP135F"	4275	"model"	"Primary"	"11:36:45"	"11:42:12"	47.8094666666667	-63.14455	73.2	0.59	0.33	"Jean-Mathieu"	5	2.623	3	1.548	5	0	30	66	96
2018	8	27	"12"	7	"GP136F"	3369	"model"	"Primary"	"12:39:31"	"12:44:54"	47.8832916666667	-63.1317	69.5	0.4	0.13	"Jean-Mathieu"	5	2.79	2	0.95	6	1	108	35	143
2018	8	27	"12"	8	"GP129F"	3561	"average"	"Primary"	"13:36:10"	"13:41:10"	47.9278	-63.1862083333333	64	0.29	0.01	"Jean-Mathieu"	4	2.067	1	0.428	4	0	24	2	26
2018	8	27	"12"	9	"GP144F"	2493	"model"	"Primary"	"14:35:58"	"14:41:10"	47.935775	-63.0561833333333	62.2	0.46	0.17	"Jean-Mathieu"	1	0.56	0	0	1	0	61	12	73
2018	8	27	"12"	10	"GP168F"	3493	"model"	"Primary"	"16:15:32"	"16:20:41"	47.8541416666667	-62.8462916666667	76.8	0.76	0.5	"Jean-Mathieu"	8	3.737	2	1.282	8	0	59	66	125
2018	8	27	"12"	11	"GP178F"	3043	"model"	"Primary"	"17:17:42"	"17:23:02"	47.8413833333333	-62.7307166666667	69.5	0.67	0.41	"Jean-Mathieu"	6	2.7	0	0	7	1	60	35	95
2018	8	27	"12"	12	"GP175F"	3255	"model"	"Primary"	"18:16:45"	"18:22:04"	47.7921083333333	-62.7763166666667	64	0.26	-0.08	"Jean-Mathieu"	2	0.792	0	0	3	1	30	3	33
2018	8	27	"12"	13	"GP195F"	2906	"average"	"Primary"	"19:33:10"	"19:38:09"	47.7546916666667	-62.5842	65.8	0.53	0.21	"Jean-Mathieu"	9	3.804	1	0.454	10	1	74	17	91
2018	8	28	"12"	1	"GP216F"	2634	"model"	"Primary"	"06:16:16"	"06:21:26"	47.75955	-62.3795583333333	62.2	1.9	1.56	"Jean-Mathieu"	2	0.759	1	0.38	2	0	60	59	119
2018	8	28	"12"	2	"GP223F"	2688	"model"	"Primary"	"07:16:17"	"07:21:27"	47.8249583333333	-62.29145	64	1.12	0.78	"Jean-Mathieu"	2	0.919	1	0.404	3	0	62	31	93
2018	8	28	"12"	3	"GP228F"	2781	"model"	"Primary"	"08:31:37"	"08:36:51"	47.7261666666667	-62.2100333333333	56.7	1.38	1.02	"Jean-Mathieu"	4	2.251	0	0	4	0	83	45	128
2018	8	28	"12"	4	"GP242F"	2678	"model"	"Primary"	"10:11:36"	"10:16:45"	47.7065	-61.9608916666667	40.2	4.94	4.56	"Jean-Mathieu"	0	0	0	0	0	0	13	4	17
2018	8	28	"12"	5	"GP253F"	2728	"model"	"Primary"	"10:46:00"	"10:51:22"	47.698475	-61.9382583333333	40.2	5.05	4.68	"Jean-Mathieu"	0	0	0	0	0	0	35	22	57
2018	8	28	"12"	6	"GP239F"	2379	"model"	"Primary"	"12:00:29"	"12:05:36"	47.6626	-62.0845416666667	42.1	4.65	4.3	"Jean-Mathieu"	0	0	0	0	0	0	3	1	4
2018	8	28	"12"	7	"GP224F"	2713	"model"	"Primary"	"13:12:07"	"13:17:29"	47.6542833333333	-62.217625	53	2.54	2.21	"Jean-Mathieu"	10	4.635	0	0	12	1	190	56	246
2018	8	28	"12"	8	"GP222F"	2649	"model"	"Primary"	"14:37:34"	"14:42:44"	47.5575833333333	-62.2768083333333	56.7	1.9	1.52	"Jean-Mathieu"	2	0.915	0	0	3	1	116	122	238
2018	8	28	"12"	9	"GP211F"	2849	"model"	"Primary"	"15:50:20"	"15:55:29"	47.5061583333333	-62.392425	58.5	1.42	1.1	"Jean-Mathieu"	5	2.589	0	0	5	0	76	43	119
2018	8	28	"12"	10	"GP212F"	2776	"model"	"Primary"	"17:51:32"	"17:56:45"	47.3186416666667	-62.4474666666667	56.7	0.81	0.54	"Jean-Mathieu"	3	1.429	0	0	3	0	98	34	132
2018	9	1	"12"	1	"GP213F"	2678	"model"	"Primary"	"06:15:43"	"06:21:00"	47.6325166666667	-62.3840583333333	54.9	1.71	1.34	"Jean-Mathieu"	26	12.859	0	0	27	1	186	0	186
2018	9	1	"12"	2	"GP205F"	3627	"model"	"Primary"	"07:02:14"	"07:07:22"	47.600925	-62.46455	73.2	0.59	0.27	"Jean-Mathieu"	18	7.647	2	1.109	18	0	144	53	197
2018	9	1	"12"	3	"GP194F"	2819	"model"	"Primary"	"08:24:00"	"08:29:06"	47.4894083333333	-62.5768916666667	67.7	0.52	0.17	"Jean-Mathieu"	37	17.988	4	1.977	38	1	87	190	277
2018	9	1	"12"	4	"GP186F"	2565	"model"	"Primary"	"09:17:56"	"09:23:10"	47.4880583333333	-62.6592166666667	58.5	0.47	0.17	"Jean-Mathieu"	10	5.546	1	0.628	10	0	56	38	94
2018	9	1	"12"	6	"GP167A1"	2114	"model"	"Alternate 1"	"11:59:33"	"12:04:33"	47.54815	-62.8334	53	0.84	0.46	"Jean-Mathieu"	1	0.42	0	0	2	1	14	1	15
2018	9	1	"12"	7	"GP182F"	2690	"average"	"Primary"	"13:37:52"	"13:43:11"	47.4413833333333	-62.68005	62.2	0.44	0.17	"Jean-Mathieu"	9	4.197	0	0	12	2	68	46	114
2018	9	1	"12"	8	"GP199F"	3553	"model"	"Primary"	"14:58:18"	"15:03:29"	47.428925	-62.5172916666667	67.7	0.55	0.25	"Jean-Mathieu"	16	7.754	4	1.931	17	0	188	141	329
2018	9	2	"12"	1	"GP267F"	2792	"model"	"Primary"	"06:57:07"	"07:03:07"	46.3885	-61.7867583333333	42.1	2.98	2.65	"Jean-Mathieu"	1	0.569	0	0	1	0	24	14	38
2018	9	2	"12"	2	"GP256F"	2420	"average"	"Primary"	"08:32:41"	"08:37:39"	46.3200333333333	-61.91765	40.2	2.9	2.6	"Jean-Mathieu"	7	4.444	0	0	14	7	16	0	16
2018	9	2	"12"	3	"GP254F"	2161	"model"	"Primary"	"09:30:46"	"09:36:01"	46.2635666666667	-61.8615833333333	49.4	1.91	1.55	"Jean-Mathieu"	3	1.954	0	0	5	2	32	13	45
2018	9	2	"12"	4	"GP241F"	2344	"model"	"Primary"	"11:01:31"	"11:06:46"	46.2977	-62.0498916666667	40.2	3.75	3.4	"Jean-Mathieu"	0	0	0	0	0	0	2	0	2
2018	9	2	"12"	5	"GP231F"	2387	"average"	"Primary"	"12:25:49"	"12:31:04"	46.21325	-62.1854916666667	32.9	4.49	4.1	"Jean-Mathieu"	0	0	0	0	0	0	0	0	0
2018	9	2	"12"	6	"GP238F"	3404	"model"	"Primary"	"13:45:40"	"13:50:52"	46.1093583333333	-62.1026333333333	38.4	3.27	2.94	"Jean-Mathieu"	1	0.504	0	0	1	0	1	0	1
2018	9	2	"12"	7	"GP262F"	1909	"model"	"Primary"	"15:24:46"	"15:29:46"	46.071475	-61.8818833333333	47.5	2.22	1.86	"Jean-Mathieu"	8	4.928	0	0	12	4	35	0	35
2018	9	2	"12"	8	"GP264F"	1950	"model"	"Primary"	"16:04:32"	"16:09:31"	46.0816833333333	-61.8451583333333	47.5	2	1.64	"Jean-Mathieu"	5	2.924	0	0	9	4	27	3	30
2018	9	2	"12"	9	"GP271F"	2317	"average"	"Primary"	"17:46:50"	"17:51:49"	45.946525	-61.7457	40.2	1.95	1.58	"Jean-Mathieu"	9	5.995	0	0	13	4	20	0	20
2018	9	2	"12"	10	"GP270F"	1942	"model"	"Primary"	"18:49:28"	"18:54:26"	46.0470333333333	-61.7639333333333	49.4	1.92	1.55	"Jean-Mathieu"	5	3.003	1	0.789	10	5	30	3	33
2018	9	2	"12"	11	"GP266F"	2640	"model"	"Primary"	"19:41:30"	"19:46:31"	46.124925	-61.7963333333333	49.4	1.98	1.54	"Jean-Mathieu"	5	2.689	0	0	5	0	27	0	27
2018	9	3	"12"	1	"GP277F"	2165	"model"	"Primary"	"06:19:00"	"06:24:23"	46.1087416666667	-61.639575	49.4	1.97	1.58	"Jean-Mathieu"	2	1.177	0	0	5	3	26	0	26
2018	9	3	"12"	3	"GP276A1"	2038	"model"	"Alternate 1"	"08:51:57"	"08:57:16"	46.25195	-61.7405916666667	53	1.89	1.5	"Jean-Mathieu"	4	1.983	0	0	4	0	15	3	18
2018	9	3	"12"	4	"GP284F"	2275	"model"	"Primary"	"10:08:34"	"10:13:42"	46.2176916666667	-61.595425	54.9	1.85	1.46	"Jean-Mathieu"	1	0.603	0	0	1	0	21	16	37
2018	9	3	"12"	5	"GP294F"	2688	"model"	"Primary"	"11:26:15"	"11:31:40"	46.20325	-61.4392416666667	38.4	2.33	1.93	"Jean-Mathieu"	2	1.047	0	0	3	1	9	1	10
2018	9	3	"12"	6	"GP301F"	2784	"model"	"Primary"	"12:35:11"	"12:40:26"	46.30115	-61.3486666666667	47.5	2.41	1.97	"Jean-Mathieu"	2	1.232	1	0.675	5	3	140	4	144
2018	9	3	"12"	7	"GP280F"	2740	"average"	"Primary"	"14:42:46"	"14:48:35"	46.3826666666667	-61.619075	54.9	1.33	0.98	"Jean-Mathieu"	4	2.659	1	0.898	12	8	63	10	73
2018	9	3	"12"	8	"GP272F"	2835	"average"	"Primary"	"16:12:29"	"16:17:47"	46.4790583333333	-61.7426333333333	40.2	1.92	1.54	"Jean-Mathieu"	1	0.462	0	0	1	0	8	3	11
2018	9	3	"12"	9	"GP289F"	2968	"average"	"Primary"	"18:06:32"	"18:11:30"	46.4570083333333	-61.476125	64	1.61	1.3	"Jean-Mathieu"	2	0.964	2	0.964	3	1	28	20	48
2018	9	3	"12"	10	"GP298F"	3116	"model"	"Primary"	"19:00:10"	"19:05:20"	46.5132166666667	-61.4081916666667	58.5	1.68	1.34	"Jean-Mathieu"	0	0	0	0	0	0	2	10	12
2018	9	7	"12"	1	"GP292F"	3387	"model"	"Primary"	"06:42:50"	"06:48:03"	46.5348166666667	-61.4457583333333	60.4	1.7	1.38	"Jean-Mathieu"	5	2.545	3	1.78	8	3	33	30	63
2018	9	7	"12"	2	"GP286F"	3285	"model"	"Primary"	"08:08:31"	"08:14:05"	46.611375	-61.5466916666667	62.2	1.5	1.18	"Jean-Mathieu"	6	3.492	3	1.866	6	0	57	33	90
2018	9	7	"12"	3	"GP274F"	2868	"model"	"Primary"	"09:30:12"	"09:35:33"	46.6163	-61.7078916666667	64	1.11	0.86	"Jean-Mathieu"	2	1.172	0	0	4	2	63	50	113
2018	9	7	"12"	4	"GP265F"	2781	"model"	"Primary"	"10:30:39"	"10:35:45"	46.5954166666667	-61.8192916666667	54.9	1.36	1.02	"Jean-Mathieu"	0	0	0	0	0	0	14	2	16
2018	9	7	"12"	5	"GP268F"	2693	"model"	"Primary"	"11:42:20"	"11:47:41"	46.6793	-61.775975	65.8	1.14	0.86	"Jean-Mathieu"	5	3.01	0	0	6	1	84	64	148
2018	9	7	"12"	6	"GP259F"	3232	"model"	"Primary"	"12:35:50"	"12:41:03"	46.6811333333333	-61.8896583333333	56.7	1.55	1.22	"Jean-Mathieu"	4	1.749	0	0	4	0	14	3	17
2018	9	7	"12"	7	"GP248F"	3055	"model"	"Primary"	"13:41:48"	"13:46:55"	46.7334583333333	-61.9754083333333	76.8	1.14	0.86	"Jean-Mathieu"	7	3.355	0	0	10	3	125	85	210
2018	9	7	"12"	8	"GP263F"	2408	"model"	"Primary"	"14:51:38"	"14:56:40"	46.774875	-61.8685916666667	67.7	1.36	1.06	"Jean-Mathieu"	2	0.779	1	0.389	4	2	36	88	124
2018	9	7	"12"	9	"GP245F"	3096	"model"	"Primary"	"16:01:37"	"16:06:46"	46.789825	-61.9929416666667	67.7	1.17	0.9	"Jean-Mathieu"	7	3.677	0	0	7	0	43	118	161
2018	9	7	"12"	12	"GP233A2"	2811	"model"	"Alternate 2"	"18:55:31"	"19:00:31"	46.811625	-62.214875	67.7	1.38	1.04	"Jean-Mathieu"	45	25.653	1	0.541	55	10	205	49	254
2018	9	8	"12"	3	"GP206A2"	2485	"model"	"Alternate 2"	"08:51:17"	"08:56:15"	46.8779416666667	-62.43435	62.2	1.52	1.18	"Jean-Mathieu"	17	8.573	0	0	20	3	69	64	133
2018	9	10	"12"	2	"GP202A1"	2189	"model"	"Alternate 1"	"07:46:59"	"07:52:10"	46.8353666666667	-62.6036333333333	60.4	1.36	1.06	"Jean-Mathieu"	5	2.568	0	0	7	2	94	20	114
2018	9	10	"12"	4	"GP198A1"	1758	"model"	"Alternate 1"	"09:45:48"	"09:50:51"	46.8914833333333	-62.5004	62.2	1.48	1.18	"Jean-Mathieu"	3	1.329	0	0	8	4	26	7	33
2018	9	10	"12"	7	"GP215A2"	3110	"model"	"Alternate 2"	"12:54:00"	"12:59:04"	46.9941916666667	-62.3828416666667	65.8	1.57	1.25	"Jean-Mathieu"	24	12.174	5	2.544	24	0	170	180	350
2018	9	10	"12"	9	"GP229A1"	1941	"model"	"Alternate 1"	"15:47:01"	"15:52:09"	46.9608416666667	-62.1606416666667	53	2.31	1.94	"Jean-Mathieu"	0	0	0	0	0	0	29	14	43
2018	9	10	"12"	11	"GP225A1"	1925	"model"	"Alternate 1"	"18:22:14"	"18:27:15"	47.1120833333333	-62.2095666666667	45.7	3.51	3.1	"Jean-Mathieu"	0	0	0	0	0	0	0	0	0
2018	9	11	"12"	2	"GP210A2"	2531	"average"	"Alternate 2"	"08:47:46"	"08:52:40"	47.0078166666667	-62.3346333333333	56.7	1.43	1.14	"Jean-Mathieu"	1	0.482	0	0	1	0	124	56	180
2018	9	11	"12"	4	"GP221A1"	2848	"average"	"Alternate 1"	"11:20:55"	"11:25:54"	47.20605	-62.4029666666667	54.9	1.6	1.3	"Jean-Mathieu"	1	0.426	0	0	1	0	50	15	65
2018	9	11	"12"	5	"GP232F"	2618	"average"	"Primary"	"13:06:47"	"13:11:47"	47.14845	-62.1865083333333	36.6	6.77	6.44	"Jean-Mathieu"	0	0	0	0	0	0	0	0	0
2018	9	12	"12"	1	"GP255F"	2655	"average"	"Primary"	"07:11:08"	"07:16:09"	47.05825	-61.9058583333333	36.6	7.75	7.45	"Jean-Mathieu"	0	0	0	0	0	0	0	0	0
2018	9	12	"12"	2	"GP244F"	2583	"model"	"Primary"	"12:41:16"	"12:46:21"	47.0120916666667	-62.0092916666667	47.5	4.05	3.7	"Jean-Mathieu"	2	0.961	0	0	2	0	61	16	77
2018	9	12	"12"	3	"GP246F"	2655	"average"	"Primary"	"13:33:08"	"13:38:08"	46.9578833333333	-62.0209	53	2.98	2.64	"Jean-Mathieu"	1	0.784	0	0	2	1	19	9	28
2018	9	12	"12"	4	"GP252F"	2745	"model"	"Primary"	"15:12:20"	"15:17:32"	46.889475	-61.8550666666667	58.5	2.69	2.37	"Jean-Mathieu"	10	4.757	1	0.664	10	0	115	106	221
2018	9	12	"12"	5	"GP275F"	2874	"model"	"Primary"	"16:30:38"	"16:35:53"	46.87515	-61.7162666666667	54.9	2.77	2.48	"Jean-Mathieu"	12	5.885	1	0.531	16	4	142	114	256
2018	9	12	"12"	6	"GP279F"	2950	"average"	"Primary"	"17:39:46"	"17:44:46"	46.929475	-61.6231	47.5	3.43	3.06	"Jean-Mathieu"	8	3.784	0	0	8	0	155	33	188
2018	9	12	"12"	7	"GP285F"	3052	"average"	"Primary"	"18:51:51"	"18:57:20"	47.01825	-61.5566583333333	32.9	5.56	5.23	"Jean-Mathieu"	0	0	0	0	0	0	0	0	0
2018	9	13	"12"	1	"GP308F"	2384	"model"	"Primary"	"06:31:12"	"06:36:11"	47.325575	-61.1555833333333	47.5	3.51	3.17	"Jean-Mathieu"	16	8.202	2	0.964	18	2	175	76	251
2018	9	13	"12"	2	"GP314F"	2506	"average"	"Primary"	"07:19:47"	"07:24:45"	47.3277583333333	-61.0981166666667	51.2	1.88	1.58	"Jean-Mathieu"	8	4.005	0	0	9	1	110	70	180
2018	9	13	"12"	3	"GP310F"	2204	"model"	"Primary"	"08:15:35"	"08:20:32"	47.3778583333333	-61.1391	43.9	4	3.71	"Jean-Mathieu"	0	0	0	0	0	0	38	18	56
2018	9	13	"12"	4	"GP321F"	2159	"model"	"Primary"	"09:12:37"	"09:17:37"	47.360525	-61.013925	49.4	1.5	1.18	"Jean-Mathieu"	11	5.333	4	1.917	11	0	59	57	116
2018	9	13	"12"	5	"GP328F"	2327	"model"	"Primary"	"10:27:19"	"10:32:22"	47.4484333333333	-60.9338083333333	49.4	1.62	1.34	"Jean-Mathieu"	8	4.33	3	1.565	9	1	73	18	91
2018	9	13	"12"	6	"GP338F"	2499	"model"	"Primary"	"11:44:40"	"11:49:59"	47.46125	-60.7666916666667	56.7	1.49	1.16	"Jean-Mathieu"	7	4.133	4	2.531	7	0	31	42	73
2018	9	13	"19"	7	"GP337F"	2287	"model"	"Primary"	"12:45:42"	"12:50:49"	47.370875	-60.8044416666667	60.4	1.93	1.62	"Jean-Mathieu"	11	5.839	7	4.18	12	1	44	93	137
2018	9	13	"12"	8	"GP345F"	2404	"model"	"Primary"	"13:52:15"	"13:57:19"	47.3670416666667	-60.6501333333333	64	1.97	1.66	"Jean-Mathieu"	1	0.675	1	0.675	1	0	18	10	28
2018	9	13	"19"	9	"GP347F"	2950	"model"	"Primary"	"14:50:53"	"14:55:58"	47.3085416666667	-60.5894916666667	67.7	1.99	1.66	"Jean-Mathieu"	2	0.82	0	0	2	0	14	0	14
2018	9	13	"12"	10	"GP355F"	2955	"model"	"Primary"	"16:49:06"	"16:54:13"	47.20925	-60.3699583333333	186.5	6.75	6.58	"Jean-Mathieu"	0	0	0	0	0	0	1	0	1
2018	9	13	"19"	11	"GP349F"	2104	"model"	"Primary"	"18:52:06"	"18:57:28"	47.077575	-60.4970416666667	131.7	3	2.82	"Jean-Mathieu"	8	4.848	5	2.785	8	0	51	30	81
2018	9	14	"19"	1	"GP348F"	4566	"model"	"Primary"	"06:37:10"	"06:42:25"	47.1984	-60.5467333333333	164.6	5.41	5.27	"Jean-Mathieu"	0	0	0	0	0	0	0	0	0
2018	9	14	"19"	2	"GP343F"	3689	"model"	"Primary"	"07:53:30"	"07:58:43"	47.22285	-60.6801166666667	95.1	1.94	1.7	"Jean-Mathieu"	1	0.514	0	0	1	0	5	4	9
2018	9	14	"19"	3	"GP333F"	1758	"model"	"Primary"	"09:16:18"	"09:21:18"	47.271925	-60.8750166666667	84.1	1.95	1.7	"Jean-Mathieu"	9	5.163	8	4.581	10	1	52	81	133
2018	9	14	"19"	4	"GP329F"	3651	"model"	"Primary"	"10:24:03"	"10:29:18"	47.1714833333333	-60.91615	82.3	1.98	1.7	"Jean-Mathieu"	2	1.12	1	0.556	2	0	8	73	81
2018	9	14	"19"	5	"GP339F"	2825	"average"	"Primary"	"11:43:51"	"11:48:53"	47.150525	-60.7579583333333	157.3	3.27	3.09	"Jean-Mathieu"	15	8.055	4	2.099	16	1	27	1	28
2018	9	14	"19"	6	"GP340F"	2860	"average"	"Primary"	"12:52:48"	"12:57:46"	47.0528083333333	-60.7498416666667	146.3	3.65	3.44	"Jean-Mathieu"	16	9.612	7	4.151	49	33	95	1	96
2018	9	14	"19"	7	"GP336F"	2449	"model"	"Primary"	"14:18:25"	"14:23:53"	46.92755	-60.8091416666667	133.5	3.32	3.1	"Jean-Mathieu"	19	13.087	14	9.423	20	1	57	87	144
2018	9	14	"19"	8	"GP332F"	2094	"model"	"Primary"	"15:24:31"	"15:29:48"	47.0060916666667	-60.8917166666667	113.4	2.23	2.01	"Jean-Mathieu"	1	0.964	0	0	7	6	16	1	17
2018	9	14	"12"	9	"GP327F"	2497	"model"	"Primary"	"16:11:15"	"16:16:42"	47.0076416666667	-60.9531916666667	104.2	2.19	1.93	"Jean-Mathieu"	8	4.183	1	0.617	13	5	29	1	30
2018	9	14	"19"	10	"GP317F"	2657	"model"	"Primary"	"17:29:33"	"17:34:36"	47.108075	-61.0504916666667	76.8	1.89	1.58	"Jean-Mathieu"	9	4.746	6	3.176	9	0	56	162	218
2018	9	14	"12"	11	"GP311F"	3139	"model"	"Primary"	"18:19:38"	"18:24:37"	47.16655	-61.1121	58.5	1.98	1.66	"Jean-Mathieu"	4	1.56	2	0.771	4	0	44	161	205
2018	9	14	"12"	12	"GP307F"	3628	"model"	"Primary"	"19:33:59"	"19:38:59"	47.0456416666667	-61.1559083333333	58.5	1.84	1.5	"Jean-Mathieu"	4	1.738	4	1.738	4	0	62	155	217
2018	9	15	"19"	1	"GP322F"	2939	"average"	"Primary"	"06:36:45"	"06:41:44"	46.9364833333333	-61.0068	98.8	1.94	1.68	"Jean-Mathieu"	19	12.022	5	3.624	24	5	46	75	121
2018	9	15	"19"	2	"GP330F"	2863	"average"	"Primary"	"08:11:36"	"08:16:35"	46.8307583333333	-60.903625	89.6	1.93	1.62	"Jean-Mathieu"	0	0	0	0	1	0	13	33	46
2018	9	15	"12"	3	"GP318F"	2921	"average"	"Primary"	"09:39:30"	"09:45:14"	46.8498916666667	-61.04085	102.4	2.51	2.29	"Jean-Mathieu"	31	19.576	4	1.979	41	9	76	62	138
2018	9	15	"12"	4	"GP309F"	3044	"model"	"Primary"	"11:04:43"	"11:09:35"	46.910725	-61.1490666666667	62.2	2.15	1.86	"Jean-Mathieu"	2	1.333	0	0	3	1	53	46	99
2018	9	15	"19"	5	"GP304F"	2715	"model"	"Primary"	"12:38:21"	"12:42:58"	46.7994833333333	-61.2531	65.8	2.07	1.77	"Jean-Mathieu"	3	1.933	1	0.732	3	0	74	168	242
2018	9	15	"12"	6	"GP302F"	3519	"model"	"Primary"	"13:50:23"	"13:55:35"	46.8653166666667	-61.344925	62.2	2.12	1.82	"Jean-Mathieu"	11	5.278	7	3.565	11	0	140	51	191
2018	9	15	"12"	7	"GP297F"	2081	"model"	"Primary"	"15:26:55"	"15:31:54"	47.008525	-61.380175	45.7	3.08	2.72	"Jean-Mathieu"	8	4.094	4	1.902	9	1	142	38	180
2018	9	15	"12"	8	"GP296F"	2566	"model"	"Primary"	"16:13:26"	"16:18:03"	46.962225	-61.398775	47.5	2.59	2.27	"Jean-Mathieu"	9	5.719	1	0.398	10	1	160	68	228
2018	9	15	"12"	9	"GP291F"	3527	"model"	"Primary"	"17:10:33"	"17:15:35"	46.9020666666667	-61.4563	58.5	2.22	1.9	"Jean-Mathieu"	3	1.366	0	0	4	0	36	32	68
2018	9	15	"12"	10	"GP288F"	2929	"model"	"Primary"	"18:27:43"	"18:32:52"	46.8011416666667	-61.5033083333333	64	1.99	1.66	"Jean-Mathieu"	4	2.086	3	1.501	5	1	100	132	232
2018	9	16	"12"	1	"GP283F"	3610	"model"	"Primary"	"06:37:07"	"06:42:17"	46.7397166666667	-61.605125	73.2	1.6	1.3	"Jean-Mathieu"	14	6.734	6	2.957	16	2	102	139	241
2018	9	16	"19"	2	"GP299F"	3236	"model"	"Primary"	"08:11:28"	"08:16:42"	46.735975	-61.3545416666667	67.7	1.82	1.5	"Jean-Mathieu"	7	4.19	4	2.527	8	1	46	172	218
2018	9	16	"19"	3	"GP306F"	2997	"model"	"Primary"	"09:10:50"	"09:15:59"	46.6922333333333	-61.2335666666667	113.4	2.32	2.1	"Jean-Mathieu"	38	24.347	32	21.198	55	17	125	13	138
2018	9	16	"19"	4	"GP319F"	3034	"model"	"Primary"	"10:03:51"	"10:08:52"	46.6831666666667	-61.1237583333333	80.5	1.95	1.62	"Jean-Mathieu"	1	0.511	1	0.511	1	0	10	30	40
2018	9	16	"19"	5	"GP305F"	3700	"model"	"Primary"	"11:19:51"	"11:24:52"	46.6336083333333	-61.2418083333333	78.6	1.85	1.54	"Jean-Mathieu"	3	1.784	3	1.784	4	1	20	150	170
